[48.0,9.0]
[51.0,9.0]
[54.0,9.0]
[57.0,9.0]
[60.0,9.0]
[63.0,9.0]
[66.0,9.0]
[69.0,9.0]
[72.0,9.0]
[75.0,9.0]
[78.0,9.0]
[81.0,9.0]
[84.0,9.0]
[87.0,9.0]
[90.0,9.0]
[93.0,9.0]
[96.0,9.0]
[96.0,12.0]
[93.0,12.0]
[90.0,12.0]
[87.0,12.0]
[84.0,12.0]
[81.0,12.0]
[78.0,12.0]
[75.0,12.0]
[72.0,12.0]
[69.0,12.0]
[66.0,12.0]
[63.0,12.0]
[60.0,12.0]
[57.0,12.0]
[54.0,12.0]
[51.0,12.0]
[48.0,12.0]
[45.0,12.0]
[42.0,12.0]
[39.0,12.0]
[39.0,15.0]
[36.0,15.0]
[33.0,15.0]
[33.0,18.0]
[30.0,18.0]
[27.0,18.0]
[24.0,18.0]
[21.0,21.0]
[21.0,24.0]
[18.0,24.0]
[18.0,27.0]
[15.0,27.0]
[15.0,30.0]
[18.0,30.0]
[21.0,27.0]
[24.0,24.0]
[27.0,21.0]
[30.0,21.0]
[36.0,18.0]
[42.0,15.0]
[45.0,15.0]
[15.0,33.0]
[12.0,33.0]
[12.0,36.0]
[12.0,39.0]
[9.0,39.0]
[9.0,42.0]
[12.0,42.0]
[12.0,45.0]
[9.0,45.0]
[9.0,48.0]
[12.0,48.0]
[12.0,51.0]
[9.0,51.0]
[9.0,54.0]
[12.0,54.0]
[12.0,57.0]
[9.0,57.0]
[12.0,60.0]
[12.0,63.0]
[15.0,63.0]
[15.0,66.0]
[12.0,66.0]
[15.0,69.0]
[18.0,69.0]
[18.0,66.0]
[18.0,72.0]
[21.0,72.0]
[18.0,75.0]
[21.0,78.0]
[24.0,78.0]
[24.0,75.0]
[27.0,78.0]
[27.0,81.0]
[24.0,81.0]
[27.0,84.0]
[30.0,84.0]
[30.0,81.0]
[33.0,84.0]
[33.0,87.0]
[30.0,87.0]
[36.0,87.0]
[36.0,90.0]
[39.0,90.0]
[42.0,90.0]
[42.0,93.0]
[39.0,93.0]
[45.0,93.0]
[45.0,96.0]
[48.0,96.0]
[51.0,96.0]
[51.0,99.0]
[48.0,99.0]
[54.0,99.0]
[57.0,99.0]
[60.0,99.0]
[60.0,102.0]
[57.0,102.0]
[54.0,102.0]
[60.0,105.0]
[63.0,105.0]
[63.0,102.0]
[66.0,102.0]
[66.0,105.0]
[69.0,105.0]
[72.0,105.0]
[75.0,105.0]
[75.0,108.0]
[72.0,108.0]
[69.0,108.0]
[78.0,108.0]
[81.0,108.0]
[84.0,108.0]
[87.0,108.0]
[87.0,111.0]
[84.0,111.0]
[81.0,111.0]
[78.0,111.0]
[90.0,111.0]
[93.0,111.0]
[96.0,111.0]
[99.0,111.0]
[102.0,111.0]
[102.0,114.0]
[99.0,114.0]
[96.0,114.0]
[93.0,114.0]
[90.0,114.0]
[105.0,114.0]
[108.0,114.0]
[111.0,114.0]
[114.0,114.0]
[117.0,114.0]
[120.0,114.0]
[123.0,114.0]
[126.0,114.0]
[129.0,114.0]
[132.0,114.0]
[132.0,111.0]
[135.0,111.0]
[138.0,111.0]
[138.0,114.0]
[135.0,114.0]
[138.0,117.0]
[138.0,120.0]
[138.0,123.0]
[138.0,126.0]
[138.0,129.0]
[138.0,132.0]
[138.0,135.0]
[138.0,138.0]
[138.0,141.0]
[138.0,144.0]
[138.0,147.0]
[138.0,150.0]
[138.0,153.0]
[138.0,156.0]
[138.0,159.0]
[138.0,162.0]
[138.0,165.0]
[138.0,168.0]
[138.0,171.0]
[138.0,174.0]
[138.0,177.0]
[138.0,180.0]
[138.0,183.0]
[138.0,186.0]
[138.0,189.0]
[138.0,192.0]
[138.0,195.0]
[138.0,198.0]
[138.0,201.0]
[138.0,204.0]
[138.0,207.0]
[138.0,210.0]
[138.0,213.0]
[138.0,216.0]
[138.0,219.0]
[138.0,222.0]
[138.0,225.0]
[138.0,228.0]
[138.0,231.0]
[138.0,234.0]
[138.0,237.0]
[138.0,240.0]
[138.0,243.0]
[138.0,246.0]
[138.0,249.0]
[138.0,252.0]
[138.0,255.0]
[138.0,258.0]
[138.0,261.0]
[138.0,264.0]
[138.0,267.0]
[138.0,270.0]
[138.0,273.0]
[138.0,276.0]
[138.0,279.0]
[138.0,282.0]
[141.0,282.0]
[144.0,282.0]
[147.0,282.0]
[150.0,282.0]
[153.0,282.0]
[156.0,282.0]
[159.0,282.0]
[162.0,282.0]
[165.0,282.0]
[168.0,282.0]
[168.0,285.0]
[165.0,285.0]
[162.0,285.0]
[159.0,285.0]
[156.0,285.0]
[153.0,285.0]
[171.0,285.0]
[174.0,285.0]
[177.0,285.0]
[180.0,285.0]
[183.0,285.0]
[186.0,285.0]
[189.0,285.0]
[192.0,285.0]
[195.0,285.0]
[198.0,285.0]
[198.0,288.0]
[195.0,288.0]
[192.0,288.0]
[189.0,288.0]
[186.0,288.0]
[183.0,288.0]
[180.0,288.0]
[177.0,288.0]
[174.0,288.0]
[171.0,288.0]
[201.0,288.0]
[204.0,288.0]
[207.0,288.0]
[210.0,288.0]
[213.0,288.0]
[216.0,288.0]
[219.0,288.0]
[222.0,288.0]
[225.0,288.0]
[225.0,291.0]
[222.0,291.0]
[219.0,291.0]
[216.0,291.0]
[213.0,291.0]
[210.0,291.0]
[207.0,291.0]
[204.0,291.0]
[201.0,291.0]
[228.0,291.0]
[231.0,291.0]
[234.0,291.0]
[237.0,291.0]
[240.0,291.0]
[243.0,291.0]
[243.0,294.0]
[240.0,294.0]
[237.0,294.0]
[234.0,294.0]
[231.0,294.0]
[228.0,294.0]
[246.0,294.0]
[249.0,294.0]
[252.0,294.0]
[255.0,294.0]
[258.0,294.0]
[261.0,294.0]
[264.0,294.0]
[267.0,294.0]
[270.0,294.0]
[273.0,294.0]
[273.0,297.0]
[270.0,297.0]
[267.0,297.0]
[264.0,297.0]
[261.0,297.0]
[258.0,297.0]
[276.0,297.0]
[279.0,297.0]
[282.0,297.0]
[285.0,297.0]
[288.0,297.0]
[291.0,297.0]
[294.0,297.0]
[297.0,297.0]
[300.0,297.0]
[300.0,300.0]
[297.0,300.0]
[294.0,300.0]
[291.0,300.0]
[288.0,300.0]
[303.0,300.0]
[306.0,300.0]
[309.0,300.0]
[312.0,300.0]
[315.0,300.0]
[318.0,300.0]
[321.0,300.0]
[324.0,300.0]
[327.0,300.0]
[330.0,300.0]
[330.0,303.0]
[327.0,303.0]
[324.0,303.0]
[321.0,303.0]
[318.0,303.0]
[333.0,303.0]
[336.0,303.0]
[339.0,303.0]
[342.0,303.0]
[345.0,303.0]
[348.0,303.0]
[351.0,303.0]
[354.0,303.0]
[357.0,303.0]
[360.0,303.0]
[360.0,306.0]
[357.0,306.0]
[354.0,306.0]
[351.0,306.0]
[348.0,306.0]
[345.0,306.0]
[342.0,306.0]
[339.0,306.0]
[336.0,306.0]
[333.0,306.0]
[363.0,306.0]
[366.0,306.0]
[369.0,306.0]
[372.0,306.0]
[375.0,306.0]
[378.0,306.0]
[381.0,306.0]
[384.0,306.0]
[387.0,306.0]
[390.0,306.0]
[387.0,309.0]
[384.0,309.0]
[381.0,309.0]
[378.0,309.0]
[375.0,309.0]
[372.0,309.0]
[369.0,309.0]
[366.0,309.0]
[363.0,309.0]
[390.0,312.0]
[393.0,312.0]
[393.0,309.0]
[396.0,309.0]
[399.0,309.0]
[402.0,309.0]
[405.0,309.0]
[408.0,309.0]
[411.0,309.0]
[414.0,309.0]
[414.0,306.0]
[414.0,303.0]
[414.0,300.0]
[414.0,297.0]
[414.0,294.0]
[414.0,291.0]
[414.0,288.0]
[414.0,285.0]
[414.0,282.0]
[414.0,279.0]
[414.0,276.0]
[414.0,273.0]
[414.0,270.0]
[414.0,267.0]
[414.0,264.0]
[414.0,261.0]
[414.0,258.0]
[414.0,255.0]
[414.0,252.0]
[414.0,249.0]
[414.0,246.0]
[414.0,243.0]
[414.0,240.0]
[414.0,237.0]
[414.0,234.0]
[414.0,231.0]
[414.0,228.0]
[414.0,225.0]
[414.0,222.0]
[414.0,219.0]
[414.0,216.0]
[414.0,213.0]
[414.0,210.0]
[414.0,207.0]
[414.0,204.0]
[414.0,201.0]
[414.0,198.0]
[414.0,195.0]
[414.0,192.0]
[414.0,189.0]
[414.0,186.0]
[414.0,183.0]
[414.0,180.0]
[414.0,177.0]
[414.0,174.0]
[414.0,171.0]
[414.0,168.0]
[414.0,165.0]
[414.0,162.0]
[414.0,159.0]
[414.0,156.0]
[414.0,153.0]
[414.0,150.0]
[414.0,147.0]
[414.0,144.0]
[414.0,141.0]
[414.0,138.0]
[414.0,135.0]
[414.0,132.0]
[414.0,129.0]
[414.0,126.0]
[414.0,123.0]
[414.0,120.0]
[414.0,117.0]
[414.0,114.0]
[414.0,111.0]
[414.0,108.0]
[414.0,105.0]
[414.0,102.0]
[414.0,99.0]
[414.0,96.0]
[414.0,93.0]
[411.0,93.0]
[411.0,90.0]
[408.0,90.0]
[408.0,87.0]
[408.0,84.0]
[405.0,84.0]
[405.0,81.0]
[402.0,81.0]
[402.0,78.0]
[402.0,75.0]
[399.0,75.0]
[396.0,75.0]
[396.0,72.0]
[396.0,69.0]
[393.0,69.0]
[390.0,69.0]
[390.0,66.0]
[387.0,66.0]
[387.0,63.0]
[384.0,60.0]
[381.0,60.0]
[378.0,60.0]
[378.0,57.0]
[375.0,57.0]
[372.0,57.0]
[372.0,54.0]
[369.0,54.0]
[366.0,54.0]
[366.0,51.0]
[363.0,51.0]
[360.0,51.0]
[360.0,48.0]
[357.0,48.0]
[354.0,48.0]
[351.0,48.0]
[351.0,45.0]
[348.0,45.0]
[345.0,45.0]
[342.0,45.0]
[342.0,42.0]
[339.0,42.0]
[336.0,42.0]
[333.0,42.0]
[330.0,42.0]
[327.0,42.0]
[327.0,39.0]
[324.0,39.0]
[321.0,39.0]
[318.0,39.0]
[315.0,39.0]
[312.0,39.0]
[309.0,39.0]
[306.0,39.0]
[303.0,39.0]
[300.0,39.0]
[297.0,39.0]
[294.0,39.0]
[291.0,39.0]
[288.0,39.0]
[288.0,42.0]
[285.0,42.0]
[282.0,42.0]
[279.0,42.0]
[276.0,42.0]
[276.0,45.0]
[273.0,45.0]
[270.0,45.0]
[267.0,45.0]
[267.0,48.0]
[264.0,48.0]
[261.0,48.0]
[261.0,51.0]
[258.0,51.0]
[258.0,54.0]
[255.0,54.0]
[255.0,57.0]
[252.0,57.0]
[252.0,60.0]
[249.0,60.0]
[249.0,63.0]
[246.0,63.0]
[246.0,66.0]
[249.0,66.0]
[249.0,69.0]
[246.0,69.0]
[243.0,69.0]
[243.0,72.0]
[246.0,72.0]
[246.0,75.0]
[243.0,75.0]
[243.0,78.0]
[246.0,78.0]
[246.0,81.0]
[243.0,81.0]
[243.0,84.0]
[246.0,84.0]
[246.0,87.0]
[243.0,87.0]
[246.0,90.0]
[249.0,90.0]
[249.0,87.0]
[249.0,93.0]
[246.0,93.0]
[249.0,96.0]
[252.0,96.0]
[252.0,102.0]
[255.0,102.0]
[255.0,105.0]
[258.0,105.0]
[258.0,108.0]
[261.0,108.0]
[261.0,111.0]
[258.0,111.0]
[264.0,111.0]
[264.0,114.0]
[267.0,114.0]
[267.0,117.0]
[264.0,117.0]
[270.0,117.0]
[270.0,120.0]
[273.0,120.0]
[276.0,120.0]
[276.0,123.0]
[273.0,123.0]
[279.0,123.0]
[282.0,123.0]
[282.0,126.0]
[279.0,126.0]
[285.0,126.0]
[285.0,129.0]
[288.0,129.0]
[291.0,129.0]
[294.0,129.0]
[294.0,132.0]
[291.0,132.0]
[288.0,132.0]
[294.0,135.0]
[297.0,135.0]
[297.0,132.0]
[300.0,132.0]
[300.0,135.0]
[303.0,135.0]
[306.0,135.0]
[309.0,135.0]
[309.0,138.0]
[306.0,138.0]
[303.0,138.0]
[312.0,138.0]
[315.0,138.0]
[318.0,138.0]
[318.0,141.0]
[315.0,141.0]
[312.0,141.0]
[321.0,141.0]
[324.0,141.0]
[327.0,141.0]
[330.0,141.0]
[333.0,141.0]
[336.0,141.0]
[336.0,144.0]
[333.0,144.0]
[330.0,144.0]
[327.0,144.0]
[339.0,144.0]
[342.0,144.0]
[345.0,144.0]
[348.0,144.0]
[351.0,144.0]
[354.0,144.0]
[357.0,144.0]
[360.0,144.0]
[363.0,144.0]
[366.0,144.0]
[366.0,141.0]
[369.0,141.0]
[372.0,141.0]
[372.0,144.0]
[369.0,144.0]
[372.0,147.0]
[375.0,147.0]
[375.0,144.0]
[375.0,150.0]
[372.0,150.0]
[372.0,153.0]
[375.0,153.0]
[375.0,156.0]
[372.0,156.0]
[372.0,159.0]
[375.0,159.0]
[375.0,162.0]
[372.0,162.0]
[372.0,165.0]
[375.0,165.0]
[375.0,168.0]
[372.0,168.0]
[372.0,171.0]
[375.0,171.0]
[375.0,174.0]
[372.0,174.0]
[372.0,177.0]
[375.0,177.0]
[375.0,180.0]
[372.0,180.0]
[372.0,183.0]
[375.0,183.0]
[375.0,186.0]
[372.0,186.0]
[372.0,189.0]
[375.0,189.0]
[375.0,192.0]
[372.0,192.0]
[372.0,195.0]
[375.0,195.0]
[375.0,198.0]
[372.0,198.0]
[372.0,201.0]
[375.0,201.0]
[375.0,204.0]
[372.0,204.0]
[372.0,207.0]
[375.0,207.0]
[375.0,210.0]
[372.0,210.0]
[372.0,213.0]
[375.0,213.0]
[375.0,216.0]
[372.0,216.0]
[372.0,219.0]
[375.0,219.0]
[375.0,222.0]
[372.0,222.0]
[372.0,225.0]
[375.0,225.0]
[375.0,228.0]
[372.0,228.0]
[372.0,231.0]
[375.0,231.0]
[375.0,234.0]
[372.0,234.0]
[372.0,237.0]
[375.0,237.0]
[375.0,240.0]
[372.0,240.0]
[372.0,243.0]
[375.0,243.0]
[375.0,246.0]
[372.0,246.0]
[372.0,249.0]
[375.0,249.0]
[375.0,252.0]
[372.0,252.0]
[372.0,255.0]
[375.0,255.0]
[375.0,258.0]
[372.0,258.0]
[372.0,261.0]
[369.0,261.0]
[366.0,261.0]
[363.0,261.0]
[360.0,261.0]
[357.0,261.0]
[354.0,261.0]
[351.0,261.0]
[348.0,261.0]
[345.0,261.0]
[345.0,258.0]
[342.0,258.0]
[339.0,258.0]
[336.0,258.0]
[333.0,258.0]
[330.0,258.0]
[330.0,261.0]
[333.0,261.0]
[336.0,261.0]
[339.0,261.0]
[342.0,261.0]
[360.0,264.0]
[363.0,264.0]
[366.0,264.0]
[369.0,264.0]
[372.0,264.0]
[375.0,261.0]
[396.0,312.0]
[399.0,312.0]
[402.0,312.0]
[405.0,312.0]
[408.0,312.0]
[411.0,312.0]
[414.0,312.0]
[315.0,258.0]
[315.0,255.0]
[312.0,255.0]
[309.0,255.0]
[306.0,255.0]
[303.0,255.0]
[303.0,258.0]
[306.0,258.0]
[309.0,258.0]
[312.0,258.0]
[297.0,255.0]
[294.0,255.0]
[291.0,255.0]
[288.0,255.0]
[285.0,255.0]
[285.0,252.0]
[282.0,252.0]
[279.0,252.0]
[276.0,252.0]
[273.0,252.0]
[270.0,252.0]
[270.0,249.0]
[267.0,249.0]
[264.0,249.0]
[261.0,249.0]
[258.0,249.0]
[255.0,249.0]
[252.0,249.0]
[249.0,249.0]
[246.0,249.0]
[243.0,249.0]
[240.0,249.0]
[240.0,246.0]
[237.0,246.0]
[234.0,246.0]
[231.0,246.0]
[228.0,246.0]
[225.0,246.0]
[222.0,246.0]
[219.0,246.0]
[216.0,246.0]
[213.0,246.0]
[210.0,246.0]
[210.0,243.0]
[207.0,243.0]
[204.0,243.0]
[201.0,243.0]
[198.0,243.0]
[195.0,243.0]
[192.0,243.0]
[189.0,243.0]
[186.0,243.0]
[183.0,243.0]
[180.0,243.0]
[180.0,240.0]
[180.0,237.0]
[180.0,234.0]
[180.0,231.0]
[180.0,228.0]
[180.0,225.0]
[180.0,222.0]
[180.0,219.0]
[180.0,216.0]
[180.0,213.0]
[180.0,210.0]
[180.0,207.0]
[180.0,204.0]
[180.0,201.0]
[180.0,198.0]
[180.0,195.0]
[180.0,192.0]
[180.0,189.0]
[180.0,186.0]
[180.0,183.0]
[180.0,180.0]
[180.0,177.0]
[180.0,174.0]
[180.0,171.0]
[180.0,168.0]
[180.0,165.0]
[180.0,162.0]
[180.0,159.0]
[180.0,156.0]
[180.0,153.0]
[180.0,150.0]
[180.0,147.0]
[180.0,144.0]
[180.0,141.0]
[180.0,138.0]
[180.0,135.0]
[180.0,132.0]
[180.0,129.0]
[180.0,126.0]
[180.0,123.0]
[180.0,120.0]
[180.0,117.0]
[180.0,114.0]
[180.0,111.0]
[180.0,108.0]
[180.0,105.0]
[180.0,102.0]
[180.0,99.0]
[180.0,96.0]
[180.0,93.0]
[180.0,90.0]
[180.0,87.0]
[180.0,84.0]
[180.0,81.0]
[180.0,78.0]
[180.0,75.0]
[177.0,75.0]
[177.0,72.0]
[177.0,69.0]
[177.0,66.0]
[177.0,63.0]
[174.0,63.0]
[174.0,60.0]
[174.0,57.0]
[174.0,54.0]
[171.0,54.0]
[171.0,51.0]
[168.0,51.0]
[168.0,48.0]
[165.0,48.0]
[165.0,45.0]
[162.0,45.0]
[162.0,42.0]
[159.0,42.0]
[159.0,39.0]
[156.0,36.0]
[153.0,36.0]
[150.0,36.0]
[150.0,33.0]
[147.0,33.0]
[147.0,30.0]
[144.0,30.0]
[141.0,30.0]
[141.0,27.0]
[138.0,27.0]
[138.0,24.0]
[135.0,24.0]
[132.0,24.0]
[132.0,21.0]
[129.0,21.0]
[129.0,24.0]
[126.0,24.0]
[123.0,21.0]
[123.0,18.0]
[120.0,18.0]
[117.0,18.0]
[117.0,15.0]
[114.0,15.0]
[111.0,15.0]
[111.0,18.0]
[114.0,18.0]
[120.0,21.0]
[126.0,18.0]
[135.0,27.0]
[144.0,33.0]
[153.0,39.0]
[156.0,42.0]
[162.0,48.0]
[165.0,51.0]
[168.0,54.0]
[171.0,57.0]
[171.0,60.0]
[174.0,66.0]
[174.0,69.0]
[174.0,72.0]
[177.0,78.0]
[177.0,81.0]
[177.0,84.0]
[177.0,87.0]
[177.0,90.0]
[177.0,93.0]
[177.0,96.0]
[177.0,99.0]
[177.0,102.0]
[177.0,105.0]
[177.0,108.0]
[177.0,111.0]
[177.0,114.0]
[177.0,117.0]
[177.0,120.0]
[177.0,123.0]
[177.0,126.0]
[177.0,129.0]
[177.0,132.0]
[177.0,135.0]
[177.0,138.0]
[177.0,141.0]
[177.0,144.0]
[177.0,147.0]
[177.0,150.0]
[177.0,153.0]
[177.0,156.0]
[177.0,159.0]
[177.0,162.0]
[177.0,165.0]
[177.0,168.0]
[177.0,171.0]
[177.0,174.0]
[177.0,177.0]
[177.0,180.0]
[177.0,183.0]
[177.0,186.0]
[177.0,189.0]
[177.0,192.0]
[177.0,195.0]
[177.0,198.0]
[177.0,201.0]
[177.0,204.0]
[177.0,207.0]
[177.0,210.0]
[177.0,213.0]
[177.0,216.0]
[177.0,219.0]
[177.0,222.0]
[177.0,225.0]
[177.0,228.0]
[177.0,231.0]
[177.0,234.0]
[177.0,237.0]
[177.0,240.0]
[177.0,243.0]
[183.0,246.0]
[186.0,246.0]
[189.0,246.0]
[192.0,246.0]
[195.0,246.0]
[198.0,246.0]
[201.0,246.0]
[204.0,246.0]
[207.0,246.0]
[213.0,249.0]
[216.0,249.0]
[219.0,249.0]
[222.0,249.0]
[225.0,249.0]
[228.0,249.0]
[231.0,249.0]
[234.0,249.0]
[237.0,249.0]
[243.0,252.0]
[246.0,252.0]
[249.0,252.0]
[252.0,252.0]
[255.0,252.0]
[258.0,252.0]
[261.0,252.0]
[264.0,252.0]
[267.0,252.0]
[273.0,255.0]
[276.0,255.0]
[279.0,255.0]
[282.0,255.0]
[339.0,147.0]
[342.0,147.0]
[345.0,147.0]
[348.0,147.0]
[351.0,147.0]
[354.0,147.0]
[357.0,147.0]
[360.0,147.0]
[363.0,147.0]
[411.0,102.0]
[411.0,99.0]
[411.0,96.0]
[408.0,93.0]
[405.0,87.0]
[399.0,78.0]
[393.0,72.0]
[384.0,66.0]
[381.0,63.0]
[375.0,60.0]
[369.0,57.0]
[363.0,54.0]
[360.0,54.0]
[357.0,51.0]
[354.0,51.0]
[348.0,48.0]
[345.0,48.0]
[339.0,45.0]
[336.0,45.0]
[333.0,45.0]
[324.0,42.0]
[321.0,42.0]
[318.0,42.0]
[315.0,42.0]
[312.0,42.0]
[309.0,42.0]
[306.0,42.0]
[303.0,42.0]
[300.0,42.0]
[297.0,42.0]
[294.0,42.0]
[291.0,42.0]
[279.0,45.0]
[270.0,48.0]
[267.0,51.0]
[264.0,51.0]
[252.0,63.0]
[105.0,15.0]
[105.0,12.0]
[102.0,12.0]
[99.0,12.0]
[99.0,15.0]
[102.0,15.0]
[48.0,9.0]
